Timestamp: 1698490940.192293406

Register status: 0
ID, status, total_rmse, final_fitness, iterate_number: 1976 1 0.000000000000 0.867584445075 10  
predict: -85.258712146960 -464.541500829005 -1.092934540703 0.019508452196 0.220824202961 2.841990977838 
optimized: -85.142474474856 -464.638106652093 -1.101394018587 0.018914474729 0.226283001201 2.831849218599 

Initial Pose Matrix (4x4):
-0.932253 -0.299166 -0.203480 -85.258712
0.287973 -0.954011 0.083272 -464.541501
-0.219034 0.019034 0.975532 -1.092935
0.000000 0.000000 0.000000 1.000000

Final Pose Matrix (4x4):
-0.928132 -0.308801 -0.207877 -85.142474
0.297044 -0.950948 0.086388 -464.638107
-0.224357 0.018431 0.974333 -1.101394
0.000000 0.000000 0.000000 1.000000
